R3 = 1000000;
R1 = 74000;

Gain = R3/R1